31420057822
3066824822
31420160011
31420178496
887873854
1791736885
713808048
1511074102
3659969416
2853208611
3133871202
31420003265
2591521315
3395269233
31420143072
3931470115
31420058212
31420058648
31420152026
31420067775
31420177910
31420059749
31420145834
544192678
1511429489
2759287614
2056629795
369338184
31420033243
31420061190
4033396134
31420043991
31420002794
2493899866
31420052805
3395406728
31420162283
2694144171
31420158919
31420176528
1352753579
11111111170\8245424
111111111
31420147128
607562336
607562336
607562336
31420051641
31420167325
31420049176
31420073936
31420075123
3524342796
2858034998
1512219171
31420014367
1245222947
915983515
915983515
31420133506
1243194165
1933310361
883751770
2594875727
31420015678
31420169693
31420063946
2328602147
3135582774
31420062550
31420175737
31420161181
3395406728
31420151001
31420175639
31420176571
31420136157
31420070404
31420021255
31420021471
3402829706
31420028782
2056888885
31420134131
4199518799
4199518799
31420160852
2958797983
31420009913
31420038667
707120520
31420181535
31420012682
381926177
3392374863
31420004647
3980031189
448438819
31420176740
31420015960
gu31420162995
guest3129571919
guestmariam
2052828963
31420145542
31420145305
182562696
31420188994
31420069629
3927806543
31420190918
31420191411
31420002973
31420150104
1174140004
1174140004
2761123134
31420005969
guestabdallahelzaiiny
31420072567
guestarbeda
2048739126
181171747
31420018297
3035799648
2055109411
31420029462
2054660643
3668094499
31420046975
31420189942
31420015691
31420176571
31420147207
