31420057822
31420057822
31420057822
31420057822
31420057822
31420135795
2854614192
31420056877
1513519139
31420181535
31420181535
31420057822
31420057822
31420158919
31420057822
31420152026
31420147128
31420061190
3133871202
2853208611
2321394033
31420154628
1512219171
31420030035
31420062550
3123550543
31420158011
31420004459
708245424
1511074102
1511074102
979209807
979209807
31420178496
705334607
705334607
31420067775
31420149226
975024163
31420057822
31420135569
31420165923
2316013903
31420175982
1511429489
4033396134
31420175482
31420175482
31420080392
31420173130
31420173130
2867242037
31420057822
31420141737
31420021255
542557350
31420173660
31420133506
1933310361
31420192587
3668285297
3667375669
31420175639
2052828963
31420057822
31420057822
31420057822
31420190830
31420177624
31420176404
172107574
3035799648
31420018297
2320406897
2594875727
4210212405
31420057822
31420057822
31420057822
31420057822
31420167290
1793300003
1520973110
31420055062
3129571919
4206115382
31420049685
2048739126
1255516273
31420021471
31420139912
444190344
979115874
982286927
3124789839
31420169595
707120520
2586303920
1174140004
31420151001
31420145542
31420145542
31420136157
31420160011
84538468
31420049011
84538468
84538468
31420187589
31420160852
31420133797
1521975843
1029299958
31420147565
31420147207
31420004647
1514304547
31420146232
