31420030035
31420057822
31420057822
1686045531
101714550
3810995345
31420158919
31420143072
3931470115
31420152026
31420189973
31420135795
31420136157
31420147128
2316013903
2594875727
31420061190
31420147128
3665133091
31420004459
2493899866
1253480483
31420049176
31420023757
31420179222
1511429489
3123550543
31420021255
31420021471
31420176404
2853208611
3133871202
31420175482
31420175482
31420173130
31420173130
1511074102
1511074102
31420141737
1252163151
982286927
3124789839
1252163151
31420165923
4033396134
708245424
979350129
31420153105
1521975843
31420014367
31420067775
31420067677
20059655
31420059655
2048739126
31420168098
31420155400
31420192769
2852144950
2852144950
2101048533
31420175639
2052828963
2052828963
2052828963
31420177624
31420139912
31420190757
1242858019
1242858019
31420152401
31420149226
31420151001
31420185239
31420190918
31420191411
31420191411
31420191411
1933310361
31420181535
3394687624
1174140004
