31420057822
31420057822
31420057822
31420057822
31420057822
31420057822
31420057822
31420057822
31420057822
31420057822
101714550
1686045531
3810995345
31420164573
31420056498
31420194785
31420194785
31420057822
31420057822
31420024067
2759287614
31420181494
31420152026
31420034488
3133871202
2853208611
31420062376
31420176740
31420192587
31420135635
31420173175
31420190815
1520973110
31420177920
31420004459
31420143072
3931470115
31420057822
31420058851
31420043749
2858034998
31420144949
31420192201
31420067775
31420058212
31420014367
31420049685
2594875727
31420147128
31420057822
31420167325
31420034361
31420034361
3123550543
31420158011
31420043991
31420177910
544192678
1511429489
31420021255
31420021471
2316013903
31420175906
31420175906
31420071054
31420071054
31420061190
4033396134
2321394033
1511499377
2048739126
708245424
1514126389
172107574
31420170571
979350129
31420175482
31420175482
31420173130
2484127812
2484127812
31420175982
2860357967
982286927
982286927
31420161181
2056692771
31420159311
31420141737
1933310361
1933310361
1933310361
31420190757
31420028782
31420081180
2852144950
3392645685
1252163151
979678577
31420172468
31420172468
31420176571

3020606020
2052828963
2052828963
31420190914
31420061027
31420055895
31420181535
31420181535
2322376483
31420190209
1242858019
1242858019
31420175639
31420185802
31420139912
84538468
31420177624
31420176404
1029299958
31420062550
31420146232
31420157669
2860270390
707120520
31420176304
31420063946
31420015678
31420182646
3980031189
31420004647
31420169490
1174140004
31420173943
3590784886
31420049685
321340038
4208765219
31420137210
2063444003
31420060233
2761123134
31420009967
3405554545
31420015691
31420160011
31420178029
1778756387
549411755
2735925094
2735925094
2735925094
2735925094
2735925094
31420176528
31420069629
31420169693
31420191411
31420191411
