31420004459
31420057822
31420057822
31420057822
31420057822
31420057822
31420057822
31420057822
31420057822
31420057822
31420057822
31420057822
31420057822
31420057822
31420057822
31420057822
31420057822
31420057822
31420028782
31420040039
31420151001
2860270390
1511074102
1511074102
1511074102
1511074102
31420186018
1791804296
3066824822
31420147128
31420188339
31420188339
31420188339
31420188339
31420160011
2853208611
3133871202
31420181494
708245424
4033396134
988984968
439825462
31420067775
369338184
31420057822
31420057822
31420057822
31420057822
31420057822
31420015781
31420180021
31420180992
31420180992
4258622933
31420034361
31420057822
31420057822
31420057822
979350129
31420175982
72048702
72048702
31420059749
31420179912
31420057822
1782288463
31420178544
1933310361
1512219171
31420057822
448438819
31420190918
707839607
31420014367
31420175482
31420175482
31420173130
2493899866
31420080392
1174140004
1174140004
31420049685
545021099
1242858019
1242858019
3980031189
31420015691
31420069629
1029299958
31420009913
31420009913
31420152026
31420058212
31420157669
1793324978
31420057822
707120520
1520385846
31420176528
3402829706
31420190830
