121212
31420030035
31420015960
31420059749
31420181535
31420141050
982286927
3124789839
4210212405
4033396134
31420136157
31420160967
31420057822
31420067775
1781639459
3658721827
3658721827
31420147128
2866528053
31420180021
31420175982
3402201891
979350129
544192678
31420080392
544192678
31420178496
31420162283
31420151001
3927806543
31420043991
31420135569
31420021471
31420021255
3123550543
3020606020
2052828963
2048739126
31420012682
3392374863
2048839031
31420049011
31420160011
31420185802
182562696
31420004647
2860270390
3665133091
31420192587
31420192587
31420014367
31420157669
31420030035
31420030035
31420030035
31420057822
31420191411
