31420030035
31420038667
3066824822
2694144171
2051918984
3395406728
31420133507
31420057822
31420160011
31420038667
31420132416
31420033243
1791736885
1791076405
31420062550
31420192587
31420028782
31420167325
2528426529
31420057822
31420038667
31420133506
31420056877
31420038667
31420038667
444862858
31420038667
31420021255
31420021471
31420158919
31420067775
3668094499
31420003265
31420169504
31420146857
31420141152
321340038
1352753579
1511074102
1511074102
979350129
31420180992
2188532452
31420152401
2852144950
1933310361
31420073936
31420075123
31420176981
349101914
172107574
3194165
3035799648
31420059655
31420059655
1242140751
1242140751
708245424
3020606020
2052828963
2052828963
31420039241
31420185802
1174140004
31420075903
1791898422
31420151001
31420175737
2048739126
31420012682
181171747
31420152026
3129571919
31420055062
2860357967
31420180700
31420145305
721067829
31420038667
31420038667
31420038667
31420141737
31420060233
31420176571
31420069629
31420150187
31420038667
31420149226
31420038667
31420182646
2585934134
31420134131
705334607
705334607
705334607
31420038667
31420190830
31420190830
31420038667
31420168090
1520385846
31420015691
3392374863
31420038667
3590784886
31420038667
31420004647
1252163151
