31420057822
31420030035
31420038667
31420188994
31420024067
31420071054
31420060233
979209807
31420187592
Sr. Nada's daughter
31420009913
3395269233
2377870805
L438548789
31420150104
349101914
31420030035
31420132039
31420058548
31420059655
923019823
31420033243
31420158919
31420135569
31420147128
2594875727
1791736885
1511074102
705395491
2049155619
1520973110
31420134131
31420002973
31420189942
31420153415
2858034998
2759287614
2490328126
1511429489
31420157669
31420181494
31420159796
31420015678
1148248922
3133871202
1785630031
979350129
31420034361
1512219171
4033396134
4033396134
31420067775
31420062550
31420015781
2586303920
976360586
31420178496
31420162283
31420160011
Dana Harouni BROAD
3810995345
101714550
1686045531
31420059749
31420175906
31420179912
172107574
31420062673
31420176740
2048735030
31420190372
31420165923
2853208611
Chef Amine31420172167
31420152026
31420080392
31420133506
3041719652
3402201891
1412425306
3402201891
3402201891
3402201891
3402201891
448438819
3020606020
2052828963
31420136157
4197069110
31420020143
1029299958
i
1174140004
1174140004
31420176571
31420175639
i
31420172876
31420141737
3124789839
982286927
2860357967
1252163151
i
1933310361
448607798
31420139912
31420014367
31420067619
31420164573
84538468
84538468
84538468
31420176528
31420179292
3980031189
31420049011
31420182646
31420057052
182562696
2048739126
31420012682
31420176161
31420039241
2694144171
3395406728
31420015691
31420004647
2958797983
31420072567
31420033243
