979209807
1511429489
31420192587
910407969
31420165923
31420057822
31420057822
3136886922
3926312561
31420057822
31420057822
31420057822
2594875727
2594875727
3395269233
31420059749
31420057822
705576502
1511074102
708245424
1512219171
31420158919
444862858
31420190040
31420061190
31420192201
31420192201
31420192201
31420030035
31420147128
31420147128
3123550543
31420158011
4033396134
31420067775
979350129
31420165807
31420018297
3035799648
31420043991
887873854
31420175482
31420175482
31420173130
31420062550
31420136157
31420080392
31420058548
31420180021
31420021255
31420021471
31420055062
2048739126
31420012682
3129571919
31420015781
31420152026
1029299958
31420145542
31420180992
31420146232
31420151001
31420058548
707120520
2759287614
1242858019
1242858019
1242858019
1242858019
31420191411
31420190918
31420135795
31420004647
2735925094
2735925094
2735925094
2735925094
2735925094
31420147565
3402829706
