31420057822
31420057822
31420057822
31420057822
31420057822
31420057822
31420030035
1788128803
31420057822
31420057822
31420057822
31420154628
31420056877
2153103526
31420021255
31420021471
31420178496
31420158919
31420061190
31420147128
4033396134
33871202
2853208611
31420190040
444862858
444862858
31420004459
1511429489
444190344
3124789839
982286927
31420141050
31420075453
31420135569
31420057822
2867242037
2867242037
31420057822
31420057822
31420057822
31420057822
31420057822
31420162995
708245424
172107574
31420018297
3035799648
1511074102
1511074102
3123550543
31420030035
31420030035
31420030035
31420030035
31420030035
31420175482
31420175482
31420173130
2852144950
31420173660
31420133506
31420057822
3393942307
31420057822
31420190040
31420190040
2586303920
31420190757
3396549942
31420141737
31420189973
1781639459
31420151001
707120520
707120520
31420176404
31420177624
2052828963
31420057822
31420057822
31420135795
31420049685
1242858019
31420057822
31420057822
1521975843
545021099
31420190918
31420057822
31420145305
31420139912
1520385846
31420145542
31420145542
2153103526
2153103526
2316013903
1029299958
31420020143
381926177
381926177
31420175639
31420055062
3129571919
31420012682
31420160011
1933310361
31420057822
1174140004
31420057822
1255516273
31420004647
31420169595
2863018038
31420193375
31420180793
