12
31420058212
31420058212
12
12
12
12
12
31420190512
1255516273
1946350426
31420177269
31420175906
31420177910
31420033243
31420164573
31420176571
31420026545
31420190040
31420060233
31420069629
3066824822
3395269233
988133173
31420167325
31420168886
180401265
2153103526
979350129
31420014367
31420038667
31420071054
31420015960
31420030035
31420067775
31420159311
31420178029
1511074102
31420057822
31420040039
31420176981
3123550543
31420132039
31420176740
2055109411
31420182658
31420055221
31420024067
31420030035
31420156396
1933310361
31420179912
2860270390
31420146857
3668094499
31420021255
31420021471
31420136157
31420161181
713588515
31420073936
31420075123
349101914
544192678
31420015781
31420015691
2321394033
448438819
448438819
31420157669
3133871202
2853208611
3928978979
3397446576
2056629795
2325527665
31420059655
1242140751
31420055062
712846646
31420067619
3129571919
31420009965
31420137785
31420182646
2048739126
31420012682
31420021006
2052828963
31420029462
31420169595
31420160525
31420008226
1520209743
444862858
977648181
977648181
172107574
31420009967
31420157142
31420060040
31420162995
31420062550
31420058212
31420062673
3229921439
31420141152
1242858019
705334607
1174140004
31420158919
31420166728
31420015678
31420030035
31420187592
31420190918
31420191411
31420185802
31420151001
31420070404
649771041
2759287614
2958797983
31420176528
31420147565
1520385846
31420180301
31420184649
31420004647
31420139912
3770135711
321340038
