31420062550
31420152026
31420192587
31420132039
2594875727
31420147303
1956700506
979209807
31420175482
31420175482
31420173130
2853208611
3133871202
31420135569
2585843063
31420033243
2759287614
3395406728
988984968
31420191323
3772082091
31420191379
4033396134
31420192201
31420147128
1512219171
31420181494
1511429489
1511429489
31420038667
974353443
974353443
974353443
31420177910
31420067775
31420167325
31420057822
31420057822
1791736885
31420175906
708245424
31420059749
544192678
31420181535
1933310361
2860357967
31420141737
607562336

31420170571
31420014367
2858034998
3396549942
707120520
979350129
1174140004
2048739126
31420012682
2048739126
3405554545
887873854
31420175639
1242858019
31420059655
31420169490
31420179292
31420172468
31420160011
31420179292
31420057822
31420057822
31420057822
31420057822
31420015781
31420133797
176334371
31420057822
31420057822
31420057822
31420146232
1029299958
31420020143
31420060233
31420069629
31420160852
3980031189
31420015691
31420004647
31420176528
3402829706
31420187838
31420187575
31420190918
31420191411
31420191411
713588515
713588515
84538468
2498550874
3392645685
2596452488
31420173943
31420135445
