1148248922
1420178496
1789973384
1519796790
31420056877
3767752875
3767752875
3767752875
14203039
712086351
2853208611
3133871202
31420061190
31420003265
3927806543
31420169295
31420158919
544192678
31420185802
2860270390
31420159311
31420181535
31420181494
910407969
31420059749
31420191411
31420067775
31420160011
31420147128
2587837750
31420150104
349101914
3399330929
31420133797
2864694664
31420170964
31420072050
31420132039
31420183725
31420002973
31420161181
31420176740
3396549942
1785394608
31420080392
31420178029
31420043991
2492063066
31420072567
31420018297
3035799648
1512219171
31420141737
1251508003
31420058212
31420059655
31420133506
172107574
31420170571
3524342796
31420167325
31420136157
31420021255
31420021471
1520973110
2867242037
2049155619
1793300003
3671817251
1243194165
31420146232
31420175639
31420176571
31420151001
708245424
31420190918
2052828963
1242140751
2860357967
3124789839
31420141050
31420141050
31420050648
31420149226
31420067619
31420173660
31420012682
2048739126
3392374863
1029299958
3665133091
1174140004
1174140004
2735925094
31420134131
31420063946
31420015678
31420176528
31420184649
1242858019
705334607
1242858019
1242858019
31420169595
707120520
31420145305
721067829
544192678
a
3980031189
31420015691
31420004647
1794417187
3672818807
31420152026
31420060233
