1621190315
31420167325
4033396134
31420152026
31420068868
3767752875
1125859974
2854614192
31420185162
1946350426
31420133507
31420161181
31420175737
2317267235
1780431414
3928681904
31420187821
31420187818
179814769
31420056877
1511074102
3066824822
31420181494
2759287614
3668554888
31420162995
3395269233
887873854
369338184
31420190539
31420081178
544192678
2858034998
31420185802
31420147128
2594875727
3133871202
2853208611
1245222947
31420159311
2496461914
31420015960
31420012682
31420067775
2586303920
31420136157
31420175906
448438819
3130407222
31420026545
31420137538
31420049319
31420178496
2048739126
31420160852
31420059655
31420135795
31420058548
31420028782
31420069348
1148912219
31420137785
617805658
31420062550
31420155400
31420168098
31420058212
2694144171
31420062673
2761123134
31420067619
31420190040
31420060233
31420191411
31420166593
1933310361
31420134131
2052828963
981565987
31420190918
31420147565
1512219171
31420069629
31420164573
1174140004
31420176528
31420146232
3770135711
3980031189
31420139912
31420190830
444862858
3928469873
1242140751
31420147207
31420029462
31420187592
31420182646
31420158919
1242858019
84538468
31420176571
31420049011
31420152301
1514304547
3132663331
31420071054
1252163151
4210212405
31420180301
31420015691
