31420190372
2694144171
31420177269
2958797983
31420160852
1512219171
175813429
31420147128
2594875727
2316013903
31420057822
31420186405
31420003265
1517532552
4033396134
3122217526
441942863
348848475
544192678
31420158919
31420030035
31420135795
31420018297
3035799648
31420182658
2858034998
979350129
31420158011
31420164573
31420185802
31420009913
31420161181
1791736885
1517532552
2853208611
3133871202
31420080392
1245222947
31420181494
31420162995
31420171399
31420067775
1243194165
708245424
31420136157
1511074102
1933310361
381926177
31420012682
31420071054
31420176981
31420165923
3671817251
2048739126
3395406728
182562696
4099563605
31420190539
3942095395
31420188994
31420190830
31420139912
31420147207
31420059655
923019823
2049155619
1520973110
31420145305
31420145542
31420058212
31420152026
31420004647
3980031189
31420190918
31420191411
31420185239
31420175639
31420166593
31420182646
31420182646
31420172876
s
2055109411
1520385846
31420179912
1514304547
448438819
31420060233
31420015691
1779383094
3672818807
31420134131
31420015678
