31420030035
2594875727
31420190040
31420190040
3136886922
31420030035
Dina ElHarouni
2153103526
31420030035
708245424
3926312561
3926312561
31420061190
2853208611
3133871202
31420009913
31420175982
31420080392
444862858
1511074102
1511074102
31420062550
1513519139
3123550543
31420189973
31420192587
31420147128
31420177269
883751770
975024163
31420030035
2321394033
31420179912
31420030035
31420030035
31420067775
2586303920
31420136157
31420152026
2852144950
31420176404
31420177624
31420173660
31420133506
31420014367
3132627338
2048739126
31420147812
31420175482
31420175482
979350129
31420173130
31420173130
2867242037
1933310361
31420030035
3665133091
31420030035
31420192201
31420021255
31420021471
31420030035
4033396134
31420147303
31420147303
31420147303
3927806543
1242140751
1242140751
3035799648
31420018297
31420190918
31420181535
31420160011
31420043991
707120520
31420072567
31420072567
31420049176
31420187589
31420160852
1793300003
3394687624
31420072612
3033450074
182966704
74040644
31420146232
3389400886
31420015781
2052828963
3671817251
2049155619
1520973110
1174140004
31420178496
444190344
31420145305
31420145542
31420145542
31420030035
31420151001
31420055062
31420158919
31420004647
31420147565
2759287614
1520385846
2055109411
1242858019
2858019
