3125797296
31420057822
31420057822
31420152026
31420057822
31420057822
31420057822
31420057822
31420057822
31420057822
4033396134
31420158011
31420024067
31420057822
31420061190
1511429489
708245424
3066824822
31420004459
31420057822
3767752875
3767752875
3767752875
31420175482
31420175482
31420173130
31420173130
31420057822
3665133091
618372186
2594875727
2594875727
31420132416
31420057822
2853208611
3133871202
2496461914
31420147128
1511074102
1511074102
979350129
4197034632
2048739126
1794887968
31420057822
31420057822
31420057822
31420057822
31420057822
31420057822
31420034361
31420015781
31420057822
31420057822
31420170571
172107574
31420177920
3671817251
31420190815
2049155619
2484127812
31420021255
877853018
31420165923
2316013903
31420175982
1174140004
1174140004
31420162995
4198012239
3668285297
3668285297
31420176404
31420177624
31420062550
2321394033
2761123134
31420005969
31420151001
1521975843
2052241009
707120520
31420068375
545021099
31420146232
31420139912
2759287614
31420173941
31420020143
31420162300
1242858019
1242858019
1242858019
705334607
705334607
705334607
705334607
705334607
31420185239
2586303920
31420080392
1788128803
987527971
987527971
1029299958
31420181535
3123550543
